0 6.7005 -2.1432 1.14942
1 0.196831 9.01513 1.63307
3 5.29327 0.541728 1.09324
6 2.63559 -2.95947 0.761849
7 1.59889 3.18381 1.45066
14 1.40764 -0.961501 0.759819
15 4.81741 6.75074 1.72347
16 7.68198 -8.56932 0.605702
17 2.86095 0.216627 1.91146
20 8.36082 3.76609 0.625536
21 1.68928 3.37291 0.855145
22 8.96978 8.37584 1.05252
31 0.405337 1.92354 0.559102
35 4.61265 -4.85904 0.607127
36 2.19806 2.89217 0.0750516
37 2.203 4.06999 0.275892
38 2.9059 -3.78727 1.56143
39 0.784749 4.81134 1.73834
40 2.98024 10.1039 1.78085
42 3.86906 0.367849 1.34815
44 2.65056 1.97181 1.12454
45 5.21341 -3.37596 0.149073
46 8.02278 -4.93064 1.06354
49 5.7784 2.81616 1.88677
50 7.19995 2.49356 0.885221
53 3.0761 4.04874 0.698688
54 4.91845 -4.09873 1.25506
56 4.44992 -5.57288 0.956632
57 2.73996 -1.14885 0.936658
59 4.59958 -3.1653 0.568231
61 5.00949 5.62175 1.99755
62 6.08202 -8.21703 1.00128
63 -1.36805 3.1464 0.68404
64 3.20852 0.585359 0.760577
68 -0.489216 2.21408 0.00817544
69 4.57008 -6.40903 0.67627
71 6.13781 5.53627 1.91055
75 6.04895 3.04841 0.759799
76 -0.852803 6.61037 1.57568
77 2.638 4.4116 0.16244
78 0.00683761 -1.67091 0.64452
79 6.9613 3.70727 1.15905
80 -3.97659 -2.23187 0.126105
82 5.93991 3.49552 1.73674
83 8.28802 8.62701 1.64745
84 4.29616 -3.03204 1.5091
87 7.09216 0.925702 0.156784
88 -2.87036 2.31161 0.0586306
89 3.35016 4.53879 0.144321
91 6.78004 -5.36884 0.336097
92 -0.701988 -0.241844 0.697778
94 8.38791 -1.46882 1.15023
96 8.7201 5.85664 0.901599
99 7.20126 -3.49789 1.97275
103 1.02182 6.02134 0.436606
106 3.68273 5.44682 0.108731
109 0.201202 0.121493 0.229521
110 1.76267 0.9099 1.31835
111 -0.809953 1.71874 0.160647
112 9.74803 -0.520803 0.10879
113 2.30472 2.09614 0.603681
115 4.92131 1.23695 1.61071
119 2.34392 -2.50152 0.528609
120 5.06036 2.21554 1.35736
123 0.408296 -1.44432 1.93272
130 4.71244 7.01185 1.6306
132 1.86545 1.78155 0.82981
133 9.67854 8.17773 1.52641
134 4.4297 4.28373 1.56323
135 6.18181 7.83341 0.95352
136 6.35175 7.9987 1.55144
140 5.10903 3.86423 1.26145
141 5.32848 -8.24122 1.84881
145 -1.05217 9.89164 0.0535447
148 2.12756 2.17738 1.82931
152 4.78801 -5.59445 1.98411
156 0.735877 1.8393 0.940381
157 4.19867 6.40237 0.0636854
158 2.83881 3.39579 1.58366
159 1.32182 1.14053 0.678286
160 -3.02448 8.57532 1.70976
161 4.7221 5.47837 1.70222
162 7.94796 0.304823 1.3914
165 0.982725 0.528369 0.942275
166 -1.74656 0.792742 0.771608
169 2.42163 1.2981 0.837222
170 4.86327 3.44276 0.0702827
173 -0.0855367 7.95416 1.68458
174 5.48246 -3.0653 1.09819
175 -0.705953 1.36665 1.49736
176 0.618967 1.43349 0.622362
177 7.7051 -2.07895 1.10419
179 2.85307 0.448338 0.620616
180 3.04409 7.80605 1.64421
181 -2.06389 5.19634 1.06708
184 1.33049 -1.76801 0.548821
185 6.94815 -0.539716 1.84961
186 -1.09785 2.79508 1.42365
188 8.05037 -5.97959 1.62168
189 -1.79494 6.34821 0.340898
190 2.91752 7.9612 0.221455
191 3.89894 8.76864 0.608551
192 -1.50243 9.27207 1.67954
193 -3.85375 7.18964 0.821536
194 6.60304 -4.59276 1.94784
196 6.85359 -4.77477 1.20851
198 3.12962 -2.13268 0.0708813
200 0.251447 -1.19922 1.38186
202 3.13063 0.402602 1.62469
204 6.14603 -7.9764 0.391495
205 0.106975 9.48839 1.1219
206 5.38678 -1.84086 1.9919
207 7.22631 -4.12573 0.0845047
208 -3.211 5.98182 0.872809
212 9.28747 -4.35356 0.55719
213 9.61687 0.568009 1.70038
214 3.24317 8.65579 1.23445
216 -0.410915 -0.147546 0.857279
217 6.64476 -2.48385 1.88985
222 7.83062 5.11515 0.127998
224 6.5094 -3.59972 1.10888
226 -0.177841 4.93528 1.78311
229 0.303336 6.39899 0.969391
232 7.16599 5.8564 0.0493864
233 -1.84734 2.83094 0.14328
237 7.06098 -3.91554 1.01997
239 2.61016 8.31869 1.0635
240 1.26334 2.49861 1.18034
241 9.17605 8.43558 1.33501
243 9.35708 9.25678 1.79576
244 6.75066 3.36214 1.02717
245 -0.351407 0.31039 0.862009
248 8.29475 9.96642 1.72182
251 -1.31351 1.26405 0.199258
252 5.60546 -5.86416 1.24331
255 9.28559 1.24899 0.67292
257 7.08799 -7.28514 0.181775
259 4.41311 -1.83176 0.759163
261 5.07435 -6.15247 0.951278
262 -0.286291 -0.141217 1.12766
264 2.75956 9.83416 1.54381
267 -3.7125 9.2322 1.50949
270 9.65296 2.49072 0.389357
273 5.70036 -6.93912 1.95255
275 0.362978 7.0755 1.78114
276 6.10779 2.14341 0.00885413
279 9.74347 -0.938741 1.58415
280 3.36095 0.320448 0.173593
285 -2.87054 5.63177 1.9847
286 3.82405 -2.2192 1.36716
289 8.2515 -2.12089 1.50834
290 4.34293 -0.639095 1.136
296 2.30317 -1.01255 1.71319
297 8.95108 6.23942 1.43332
300 9.85716 4.80102 1.61583
301 1.23196 -0.81553 0.572429
303 0.31782 1.93514 0.486497
304 2.27048 3.73491 1.80523
310 4.35117 7.0363 1.85322
311 1.49101 9.96704 1.71491
313 3.03744 -0.49382 2.01781
315 3.34325 3.05419 0.534962
316 4.71545 -1.4792 1.41177
319 3.10789 -0.713428 1.32847
320 2.06537 5.31994 0.182688
321 -2.40125 4.86474 1.39436
322 -2.85215 4.86266 1.38064
324 2.7818 7.90545 1.16301
325 4.41428 2.04874 0.589901
327 3.64554 -3.44959 0.591347
331 -3.103 -0.208097 0.44236
333 -0.714948 10.2528 1.13158
337 -1.70073 9.28054 0.604828
340 6.46393 2.17917 1.89266
341 7.7327 1.84746 0.510145
343 4.32073 4.133 0.30022
344 -3.0867 7.66182 0.216666
346 -1.51842 3.754 1.53826
347 7.15306 -5.40428 0.947567
348 7.59313 -0.785559 0.743519
349 8.05812 9.09382 1.8876
352 -0.593102 0.299367 0.543258
353 3.78157 1.4238 1.10199
354 8.20535 -4.41381 0.0720949
357 6.58495 5.44079 0.116128
361 7.6754 9.60208 1.25991
364 0.257395 -1.89452 0.602438
366 8.35234 8.22483 1.68426
367 1.98574 1.15926 1.88319
372 7.81055 -2.32735 0.428385
373 5.8986 -3.86607 0.0633542
374 3.91778 -6.53562 1.01438
376 6.20623 9.94258 1.55943
377 -0.0391712 8.14944 0.294672
379 6.64246 7.24677 1.79914
383 8.43256 5.54571 1.11274
386 4.84897 8.95488 0.46763
387 -0.418471 1.10803 1.08066
390 6.80091 3.3777 0.180062
391 9.25908 7.43549 0.274239
392 6.38809 8.95851 0.179019
393 1.16982 6.74044 0.441767
394 7.07596 -5.42504 1.3442
395 9.3394 5.01162 0.151448
396 4.71041 2.51426 1.74212
398 2.36049 -1.1868 0.291147
401 6.91133 2.60251 0.53939
402 -0.651453 6.32472 0.469685
403 6.04371 -1.86922 0.430595
404 -1.46643 6.56876 1.53063
405 -1.63822 3.71169 1.57373
406 -2.1285 4.95359 0.872926
407 8.02666 1.64182 0.420442
408 0.827 10.2077 1.7887
411 4.89075 7.92369 0.272949
417 8.28006 -3.67842 1.04224
418 7.15601 0.745263 0.236796
421 8.09636 -4.36097 0.757835
425 0.805779 -1.04969 -0.00814547
426 8.63496 6.34492 1.31203
427 8.4551 0.329564 1.67576
430 -4.13135 8.87876 1.2324
435 0.482035 9.55755 0.440681
436 9.56171 6.68871 0.187753
438 1.13009 8.05105 1.23746
439 2.96256 8.85185 0.92496
440 3.49546 8.5254 2.05954
442 6.9647 -2.24837 0.126685
444 4.35819 -6.18597 1.53638
445 7.32734 5.87989 1.60204
446 4.35083 -5.10215 1.75213
447 7.31256 5.07903 1.39238
448 3.15774 -0.0800431 0.524501
449 4.41997 6.27523 1.87098
450 1.08572 6.25127 1.36783
452 4.00495 -5.5699 1.32864
453 -2.73882 6.51831 0.0964911
454 1.68929 3.00024 1.54618
456 6.32512 1.4142 1.30854
458 1.83847 6.1796 0.868173
461 -4.25573 10.6728 0.572851
463 3.12934 -2.32112 2.02119
464 0.983216 6.91408 0.126174
468 3.97656 -5.53151 1.52919
469 2.54856 -0.903934 1.4867
477 -1.04723 7.90969 1.98138
478 -1.39542 5.70055 0.726216
481 5.0703 -6.92763 0.398306
482 5.20576 -6.15362 0.635905
487 4.74438 7.2252 1.6242
491 0.248175 1.38513 0.793626
495 0.0726091 2.40187 1.80801
498 6.00838 -7.09439 0.770269
499 -1.53979 3.4312 0.826619
502 5.86656 9.65851 0.620903
503 -2.56255 -0.741686 0.812327
505 1.19929 6.96175 1.03113
506 0.524264 2.45142 0.757732
509 5.5488 -4.35012 0.758126
512 6.72679 1.31267 1.75131
514 -1.42341 0.331908 1.0644
515 8.88085 8.87756 1.19433
516 5.24347 8.2249 0.717055
517 4.51828 7.98811 1.53469
518 6.6777 -3.41034 1.49052
519 2.02177 -0.108919 1.8279
520 -0.00750714 6.02364 1.37198
521 5.57983 5.53632 1.19634
526 9.24588 4.89282 1.81284
532 3.0647 -2.49508 0.978298
533 5.46416 -0.830375 1.51981
534 -3.50948 7.07007 0.845613
539 -3.6151 3.2096 2.04973
540 4.84006 -7.31556 1.42821
541 -0.769513 0.567735 0.133712
542 0.413637 10.0969 1.17605
544 -1.69827 4.53278 0.777605
548 6.79628 -7.31998 1.48395
549 6.55722 6.70733 0.107417
550 9.70671 0.263975 0.757179
555 -3.57533 -0.887988 0.150554
556 9.33157 2.31945 0.752491
557 -4.1495 8.54801 0.33531
561 -2.15473 6.43347 0.350329
562 8.11128 -8.52593 1.97833
564 7.42988 1.64712 0.863183
568 -0.198432 -2.04011 0.574628
569 3.10478 8.67263 1.03162
571 5.26528 -3.58002 1.94704
573 2.63774 -0.226057 1.44541
577 -3.79339 -1.74093 0.176403
578 0.838471 3.15744 0.728726
579 6.89538 6.59926 1.07878
581 3.92436 3.50487 0.00937831
582 7.43341 -0.765143 1.23131
585 0.080618 9.08966 0.75331
586 6.71033 6.39193 1.02859
588 4.79672 -0.333764 0.191323
590 9.72589 4.79688 1.66027
591 1.51431 2.47051 0.869393
592 6.70421 9.02713 1.40549
596 -1.1795 2.82404 0.715852
599 -0.447237 3.50139 0.708129
603 3.41839 4.20111 1.41503
604 9.76024 -2.66028 0.22269
605 6.9789 2.55714 0.513136
607 -1.38217 -0.116383 0.0440786
608 8.28667 -1.34036 0.700751
610 -0.953854 0.673569 1.57186
612 8.77484 -1.7883 1.36869
616 -2.68293 6.49336 0.324156
617 0.213193 0.174684 1.77312
619 7.66118 -0.562105 1.37727
621 9.0048 -0.429651 1.46554
622 -0.353938 3.42979 1.98141
624 8.62874 -0.919227 0.520682
627 3.07993 5.29026 1.67184
628 4.02033 7.07662 0.66505
629 4.08382 -2.33306 1.36373
630 6.59973 3.69973 0.480754
631 -2.67447 2.21179 0.125111
632 7.13866 -0.0203689 0.0570512
639 2.62139 -3.99651 0.389922
640 3.01055 8.8306 0.503604
644 -0.380039 1.33015 1.42657
646 5.13442 -0.603224 0.362124
655 2.35697 2.0688 0.366915
658 2.08718 2.35245 0.343793
661 0.673848 -0.689693 1.41945
663 -4.37224 8.02501 0.380984
664 2.97375 -3.16359 0.598509
667 2.19966 0.490917 1.06918
668 6.29015 3.06777 1.5912
669 0.257035 5.23364 0.0939199
673 4.679 -7.16718 0.0533603
674 -1.13116 8.24189 0.179004
675 4.82003 9.47362 1.60125
678 1.85106 6.70616 1.63794
681 4.4484 -0.953431 0.757724
689 -3.79565 1.59692 1.92134
691 -0.614459 0.018642 0.818963
692 7.23996 -7.04306 1.51107
697 4.5623 -2.16744 0.871135
698 8.14925 -2.75397 0.453305
704 4.27492 7.26389 1.14657
709 3.93904 -1.98153 0.56388
711 1.17215 9.81578 0.732807
712 7.6417 7.86069 0.0687546
714 7.03398 9.1427 2.04769
717 4.62125 4.81971 1.38646
718 6.95511 9.92382 1.58117
720 -2.31698 -1.82082 1.35522
723 5.81463 8.15272 0.0659196
725 -1.95563 3.24177 0.626881
726 -1.69475 1.78211 0.983562
730 8.49319 5.13441 0.902199
731 4.28819 -5.14426 0.299069
733 7.55481 -6.96366 1.75259
737 7.9663 0.0548959 0.821119
739 9.38004 1.64271 0.461864
740 8.96662 -0.675731 0.885432
742 7.89927 -6.67883 1.48465
743 4.38098 -6.58953 0.554097
749 8.0454 1.82888 0.716794
750 -2.84269 0.0491435 0.0570745
752 0.620995 -0.22822 1.54846
753 8.96787 -3.17031 1.44169
754 7.85399 -1.81425 1.24474
759 8.07501 8.08533 1.80777
762 8.00126 -7.83818 0.831463
764 6.88735 -5.81244 0.913468
765 8.77444 3.5172 1.42594
768 6.19242 -1.26893 0.957137
769 -4.52785 -3.26739 1.66412
771 4.69027 -0.721465 0.325669
776 -0.0412697 -1.60652 1.86097
777 2.04614 -0.524784 0.831273
778 6.6315 1.24131 0.373191
779 4.36462 9.42616 0.250907
780 0.260526 7.0615 0.0128306
785 7.88369 8.50834 1.60218
789 8.41955 -2.93825 1.19888
791 4.50938 -6.41834 1.31634
792 9.68271 7.7767 1.19389
794 0.745049 -0.913058 0.581671
797 1.25314 -1.35436 0.927078
803 6.85345 4.57933 1.26521
804 4.22676 2.51682 0.660981
805 -0.56768 1.93762 1.66054
806 0.604652 2.95906 0.0404286
809 6.51223 1.86708 1.4411
811 7.36214 -4.64293 0.681135
813 8.57853 5.99134 0.14352
815 2.84475 -1.34836 1.81739
817 6.30217 2.9859 0.973743
820 -3.57541 -0.752064 0.997691
821 2.59312 -3.21874 0.644442
822 1.4535 8.81665 0.379748
823 7.11672 3.48659 1.60029
826 -0.307187 8.30019 1.08053
830 -0.845006 10.3118 1.58104
831 6.58967 8.07288 0.114882
832 -1.66268 4.9286 1.41644
837 4.46494 1.35734 2.01096
839 7.73035 -2.39559 0.587206
841 0.349178 -1.30762 1.41932
843 1.2545 0.141376 1.7029
846 4.76626 3.06044 0.174739
847 -0.34478 5.64226 0.750305
853 2.87809 8.7106 1.5765
854 -1.34625 3.70985 0.405408
856 -2.15781 3.80773 1.01176
858 -1.76361 3.3529 1.75683
860 6.69565 -4.05109 0.0978606
863 -7.85602 -5.88939 3.04141
865 8.22545 6.03429 0.900731
866 5.82169 3.20767 1.47806
867 2.87178 0.245269 0.513872
868 4.12506 6.63773 0.929093
869 -1.63976 8.65603 0.142748
872 5.89321 7.50072 2.01173
874 9.36489 3.58349 0.613762
876 -0.583654 0.0108262 1.97645
877 0.565537 5.99895 1.26708
878 2.00093 2.65595 0.144679
880 -0.186105 0.60698 0.979595
881 0.819814 2.19027 0.888656
882 3.40543 -1.67698 0.823682
883 -0.39482 1.16937 0.404065
885 4.1221 -2.83076 1.86818
886 4.12866 2.00788 1.32645
888 -2.53695 -1.77928 1.75111
889 8.98478 0.625405 0.228309
892 5.59705 -0.17095 1.89783
894 -2.49976 -2.03122 0.780783
897 1.94814 7.63664 1.32588
898 5.29339 1.16206 0.136886
901 4.1367 10.0536 0.90557
903 3.36989 -4.20933 0.911008
904 6.68506 -6.10644 1.27706
905 3.24716 3.05026 1.77433
907 3.01999 8.94396 0.476255
908 -0.214961 -0.177707 1.74877
909 -3.59176 6.99778 0.923505
910 2.97479 2.80972 1.00105
911 5.72156 3.66995 1.13906
914 7.47941 9.57457 0.144464
916 -3.19925 0.0651397 0.94592
918 2.85613 -4.5218 0.248874
920 5.1033 2.95513 0.721368
924 0.33866 9.01118 0.429744
926 5.81395 2.64944 0.317334
927 1.42701 0.68717 0.970703
928 3.77027 1.30454 0.847905
929 1.01973 1.69708 1.09767
932 7.81077 8.37292 1.21065
935 5.17594 -4.55028 0.268261
937 -1.34876 3.10343 0.107959
939 4.60269 1.38323 0.701377
942 0.85527 -0.758088 0.353501
944 -0.602581 0.487035 1.1161
947 1.84502 7.08365 1.45295
948 9.83465 6.73048 1.17481
949 5.43725 -7.96465 0.115059
951 6.55489 3.61329 0.653461
953 -0.552407 6.65295 1.7965
958 -1.38166 -0.450359 1.77577
962 -1.69811 -1.20696 0.804407
963 3.28009 0.325447 0.82977
964 6.86056 8.53077 1.16304
966 -1.46173 8.87394 0.660991
967 -0.849427 2.08969 1.22779
968 1.31971 3.83658 1.62783
969 9.054 -3.79739 0.00253393
971 3.15872 -0.358937 0.732665
972 1.36833 5.8663 1.51549
974 -2.58005 -0.616715 0.122061
975 8.89035 7.65279 0.542493
978 -1.26108 0.02258 0.51833
979 1.68156 1.96134 1.72637
982 8.77768 8.84379 0.57984
984 1.11596 7.61721 1.71838
989 2.63559 1.66243 0.0460371
990 -0.141937 10.122 1.38991
992 8.71228 8.10525 1.50725
993 0.368088 7.07878 1.64198
994 6.87518 -3.08352 1.73589
995 8.85993 8.78164 0.97601
996 8.60268 -1.83692 1.54402
997 1.20104 3.47342 0.114454
